m ψ mmmm

· ’11. 151111. 8511511 5115151151 5155151115115111 11115 5111511515. “ligni
111155111555111115 115115115511511152115111511515115.2111.1515151 1728.
15551111115155511 15 11515155 51 5511111115 1511551115 551115 15111515,

¹ 11115115 51 1151111 151115. 11511551.1152.111111115555111111111 551 5111151151

1515555155551115. 1555 samm 5115151115 1555511. i
1515511111 11111151511111111151115. 1111. 111151 1701.- ·

, campegii Vitringno 515 5511591511 551511 11111 1555. Frnneq 1191, .
quoin opere praeclaro 15111 51115 5555111511151511 11111115 5555155155, quae

. 51 5511155151551111 Christianam 55555 5551111511.
115515ἐ5θ5751 115515555155115 111 551151151111115151111. 81. 5.
Α1118111. 0155151 1115155111 11551. 2115115511 5511155551 5 551. 5551151115 15-

’ 5551115111. 1115151. 1711. =

11115511511111151111515511 5515111155, 5155 15 111111 5151151115 5151-
1111551111115511115.151.1728. ·

1151155.8ρ55155111’(15515.1.11ς1.11511715151511.55 quibus
primum 1111551151 econamum 5115511111 1551 1111511155511111151 51555111
· 151111111511511515111511515515111 1551151511511 111555 1555111 5511111151 -

11111551 1151115111 1 11151511 11 populorum 1151111111 11 155111555111
odoramen. 1111111111711.

11115111. 1155151111 15 551115 (115151115555111 11111 cannam. 11. ’

Ι1111111115515111.1111111151.1715.51111511111111511111 1111555111111511115 51 551511-
115515111117. 151111515121714. ·

1151111511111515111151155 51555,11551111 1511551155111. 11551. oraio
5151515151311511711.

15555118113151510119111555.551151115155 5551511511115,111551511115

’ 15111. 5. 55551155511515 1⁷24. 15151. 099: 5. 1151-51.

11111111 1111511155 (1115111115 mmor, 1111115111 1115111155 11511-
51151 1111111.11.1151111551’5 7555151551. 1718211515.

8151551. 155. 1511155155 55111115 11115115 1155111511 5515111155 5111·- ’
5115111551 51151 55151111. S 85111551115155 1711.

11551. 0115151551.1155155111 1111111119 155 1111115155 1115111155.
Ηὼ11151118155555111151111115115111515155551155115 V. 51 11. V. Lagi.
851 5151151771-5511511 .

111. 115111. 8515555111 0151511115 Κίω15111555115115,211153.1151115.·
177211ω111ἔ1111 11111111111315115115111 111 5151115151 1551151551.
1:051) ’1,1111111118115111115211111151111955 11155115 1151151551515111111511111

111111151951155 1115111511, 11111 Ε111115111115,1115111111119 11111 1515155115

1115115 islo-immae.
A. 1151111155 115511511151511551115 151· 1555111115 155· (151111111111115

111111 155 1115115111 1511115 1111118251 1115111112172511155
11111115 1515111115 1511151115 1151151151 11111 1115515. 1151111. 1121. inde.
F. 1. 1115151511 115 1115111115 1511111151. Redin 1810. «
Mitto 11111 1551111515111 5151511155.5511111555, Aeto 1151111111,

 

