,6661166161 on ⁴

Wolf, 6. 7. 6., omnlino, 661616611166666161116661, 66116 6161666111 lirino
1611111166, 6616 666167661116.1.161. 17871.
26111161, 6. ., 66 67766616 gentilium 166111. 1161117771.

o

1166661, 6., 66166166 66611. 16666 17(13.1.Ι
11116111, 7., 66 66116166161611166 6611161616. 6161. 166911.
6611616666, 7. 7,,11111. 6. 6116 81116, 81616616161666. 611. 1798. 8. .
6166616611, J. 6., 66 166611166166111611611. 61611616. 1761. 1.
- 66 lapidum 66116 61111161 in 6111111 1. 1. 6. tlt 61.
- ilo ν6616161116611611116.6.766 16. ·
61116611, 7., obss. 61166 61666676161761 vett. gentium. 166. 1796. 1.
61661, 7. 6., 66 6666661666 gentilium. 1161. 1711. 1.
66666, 6. G. 6.,6616616 gentium 16661666. 711611. 17671.
6616, l. i.. 66 66116616 616616 61 666. 11161. 1719. 1. ·
6611661, 7. 6., 66 66116 1761616616 66 761. tt, 8. 6166. rut. 1. Δ
616616, 7., 66 6116166661111. 11671. 169111. ’
66111161, 6., 66 religione idololatrian. 11611661. 1687. 1. ’
. Color, 1., 66 16166616166. viret. 1686. 1.
61666111, 7., 66 onitu idololatrian 1666111611 in 6617661. 6116611611. 6666. Cir·
166661. 1,7.6. 9311.;1.6. 11911.
1116161111, 6., 66 onitu imaginum. 1761. 1761. 1.
66111616, 7. 6., 66 6166166166616 superstitione 66661611.,661661611616661116- ’
111661166611616111616. loen. 1757. 1.
611166, 7.·6., dn diio 61666161666111166116 8. So momorntis. 11666161.
76166661, 161161 1166166ς 1611661. 6611666. 661 inscript. 1. 6. 111 oo.
, 66161161, fl.. 6616116, 6666616616. 17611761. 8. ,
linitos, 6., 66 sacris 66611661 1666111161. 1161. 17181.
61666766661661, (1., 66 origine 661161 serpentum 116 766166 Hormi.
. 761. ’ .
7117616666, 7. 6., 66 66116 imaginum 6666 66111161. 766. 1797. 1.
Ι6111616611, 7., 66Μ6166116166611. 766. 1663. 1.
67166, ll. 16, 6666667616176. 1161. 77771. .
616661, G. 8., 66 6611616611 6666 gentilos. 6616661766. 1.

ζ , 11661Ιὶ66, 7.,“ 66166161111161616111. 6166166171111 166.1.ἱ66.1771.1;

linem. 1779. 1. ,

,1161111661 (1., 66 61616 votorum 16166116611116616661 linum. 1161. 1711. 1.

1111661, 6., 66 origine 661166 1616661661; 16 ’761666 ilolr. 1. 6. 119 no.

76666, 8., 66 6116166166161611166 6666 6661116161 6111666661. nugo 1768. i.
61611166, 7. 6., «lo superstitioso 11166111616111 snb 6661661161 cultu 66 761.

‘ 1, 791 66.6,1611161.1,13.1.161.1718.1.

mi 7. 6.,1 66 6671316 1616161666616 antiquos. 1161. 1718. 1, 166. in 1166116
1667 . . 11. ,

11666611,’(1.Αι.), 611611616161616 1666161. Lino. 1711. 1. ,

116176161616, (111611. 16771.) 66116161661, 6., (61661. 1711. 1.) 66
mmmm «

61116161, 7., iilo. 6. vom 1711611111 6611116666 616166 661 Alton 166616611ιί66.
nnltlgg. S. 717 ll. ¹

· · 6116611611, 7. (1., 6616611666611616166161111166. 6161. 1719. 1.

0616161666, 7. 6., 66 6111616166. 71161. itta. 1.

ornarint, 6. 6., 66 66616661761161. 1713. 1.

’ 71611161, 7. (1., 66166161661 Deo 6611111 66 6661611111. 1661. 177111.
6111116666, 7. 7., 661666666166 66611. 16666 1766. 1. ,
. Ρ6661,Ζ. 6., 66 61661661111616111161 israelitorum. 166. 1775. 1.

1161666676 769681,47. 6. 7., (lo rito populorum 16616 16616661 16 16611 66661111. ”
· 161. ..

1 61661161ἇᾷ66 6., 66 solemniori 616 ignis 16161161 divinis 6666 6111661. Zit-
ov. . .

1661116, 7., «lo 116111161661661666611161. 16616 itit. 8.
ntor. 61661111. obiit t. 2. 2ss

 

