ι. 6616666666... , ᾖ ι

616111 ,m 66661166 811166 1161616166· ιι 61111661. 1616166 bin
11111 1666111118 naham 81. papan 60161368. 0666111166 866·- ⁴
61111116 11116 ludam 811116 1811161111, 661 66661616 16116116. obn.
‚Mn 8611 16111166 16 66616616 6616816161,166161616.166611.11661-
1666666 11. 6161116 18611 6666. 861166 16616116 16161611 Nu festum f
ευιιιῖι1ῑιι1ι6161166 'romum 1116 66161161 aedua· 6161166611 68161166. *fl-

,6,-8 (11166 16616111 666666116616111611666661161616111,6666161611μ66
’ ὢ661166111161666161616 1166166661,11161866 1661616616 661. 1166661
86111611, 1681161666 16 61166616 66111616 6666661616, 66116 111616 6611-
6181161616 6666616 6611611816.81116616661166166666661,11. 811
‚gum 6166 6666616 1166 6616111, 6661 61 6666661161 161666. 0611 ad 16116
,66161161 0166166111.. 6116166666 xl. 616616 1166111611 66 um 611161

1166116616 6166611111, 661 81116111, 11. 8116166161 6166 61666611 6166616166.- ’

mmm-fnium, 61666 166 61616616 86611861161161611. (16666 111 loe. 111661.
1111. 7.· 6161116161. „emt 61111661 1166611111 6661866161 (do 6611116 61
66666.6.86,)616;61111111.8661 1166666616 661116, de 1. 8616166 6661111611
111611..8611616611166111611666616611111166611661616 6166161168, .
ιιι 6116111611, 1116116 66666116 6681111161 1661116 11611 61 ex 8661116181
“, tumim ι «8111 6111166111. 866 8111161616 1111611661 111616 66666161, ιι
661666 mmm 1111661616 6666166116 1181161616 publicium&
8111111611. Hos 6166166116 8616161866,661611116 61166 1661161611.
8166116, 61. 124. 61111166 116616166181 1161,166611,661666611111666661
Mummio, 1616111666 16111111 666 666666116611118 M 61116-

, ’611666616166111111 ’116116 611111 16661116666616661666166166 1666111118
. 866. dmm. 11111. 6616- 86861611161 6161661611, 811661661161111166111
«66116 8166161168. 61616187. 11661111, 1116116111· 6666616 6166661111, .

6666661666 1616111 16116 611 libidinem 11111116 61 1661616116 6611666616 61661.

’ 86618618616166116111 611666, 611611 6661 66661116666111) 61161616 61- ,

-6616 hum 66661. 11666116668166166 6616611616 1611161611 1161161-

6661·6611166 6168166166. 866116 ..Ι 6161811166 ‹limma-per 6116616161 .

¹ nai-pom 8161 potuim, 61 1611161 ,61116 6666616 origini· mipac-
166· R 1166 6111161611111116611661, 16618. 8611611116 mmmmm ιιι-
.666116.8161616·86161666 6111666666616166 pronunciat. 111111166ιί666, 661
m 66666161 816661661161, 11 611611 6616616866 11661111 866166,
-6616116- 6666616661 6611861661 11161666 16 111166 666116 116111 1166661, b.
81161161 eim· 61161116 66661661661661. 1116116 11666 6661611116 661161·-
116666666’8661166661; 1666116111 6116,66616166611,611661116161111ιιιι8,116 .
μὴ 611116 6186661861 mnemia-m 11166166 66111166 6111116616..-
61. ·τ·8.1 M 6116111661 86611. 8161116 18. 4²⁸¹ 1116666116 8166616116 66616
1166611111, 6161 61161 “minumum 6661 6116111111,61·11611616616111
mimo 6166686616 6666866116 6161111161 1661666616 611111 16616

11611. 111116 1166 1616 666 66166111661161661 6661166661 ιι 16116 ·

16611 861 66 6111611686ιὶ 11116 6611166161ιί61 1161111166 61666 6666618 ’
«hg-b· 8118166 nauem 11611616661611 6116111616 61 16 1666866116
1116161ιῶ81 1616111111 11116616 1611 1116611166 6661616 6161116116

«arveum-n 66116161 6161616661, 6666666661 1666 definiri, 6666611111
napi& 61616111 1866 1166 1616161611 66661 86116616 6616661111, quod

 

